My hyggelig model file
19 2
1 114 Badioula_01.tem
2 114 Badioula_02.tem
3 114 Badioula_03.tem
4 114 Badioula_04.tem
5 114 Badioula_05.tem
6 114 Badioula_06.tem
7 114 Badioula_07.tem
8 114 Badioula_08.tem
9 114 Badioula_09.tem
10 114 Badioula_10.tem
11 114 Badioula_11.tem
12 114 Badioula_12.tem
13 114 Badioula_13.tem
14 114 Badioula_14.tem
15 114 Badioula_15.tem
16 114 Badioula_16.tem
17 114 Badioula_17.tem
18 114 Badioula_18.tem
19 114 Badioula_19.tem
50
    5  195030.8  195030.8  168.0
 4.0000e+01 -1.0000e+00 -1.0000e+00           1           1  4.9202e-01
 4.0000e+01 -1.0000e+00 -1.0000e+00           1           1  4.9202e-01
 4.0000e+01 -1.0000e+00 -1.0000e+00           1           1  4.9202e-01
 4.0000e+01 -1.0000e+00 -1.0000e+00           1           1  4.9202e-01
 4.0000e+01 -1.0000e+00                       1           1  4.9202e-01
 3.0000e+01 -1.0000e+00 -1.0000e+00           1           1  4.9202e-01
 3.0000e+01 -1.0000e+00 -1.0000e+00           1           1  4.9202e-01
 3.0000e+01 -1.0000e+00 -1.0000e+00           1           1  4.9202e-01
 3.0000e+01 -1.0000e+00 -1.0000e+00           1           1  4.9202e-01
 3.0000e+01 -1.0000e+00                       1           1  4.9202e-01
 1.0000e-03 -1.0000e+00 -1.0000e+00           1           1  4.9202e-01
 1.0000e-03 -1.0000e+00 -1.0000e+00           1           1  4.9202e-01
 1.0000e-03 -1.0000e+00 -1.0000e+00           1           1  4.9202e-01
 1.0000e-03 -1.0000e+00 -1.0000e+00           1           1  4.9202e-01
 1.0000e-03 -1.0000e+00                       1           1  4.9202e-01
 5.0000e-01 -1.0000e+00 -1.0000e+00           1           1  4.9202e-01
 5.0000e-01 -1.0000e+00 -1.0000e+00           1           1  4.9202e-01
 5.0000e-01 -1.0000e+00 -1.0000e+00           1           1  4.9202e-01
 5.0000e-01 -1.0000e+00 -1.0000e+00           1           1  4.9202e-01
 5.0000e-01 -1.0000e+00                       1           1  4.9202e-01
 1.0000e+01 -1.0000e+00 -1.0000e+00           1           1  4.9202e-01
 5.0000e+00 -1.0000e+00 -1.0000e+00           1           1  4.9202e-01
 2.0000e+01 -1.0000e+00 -1.0000e+00           1           1  4.9202e-01
 2.5000e+01 -1.0000e+00                       1           1  4.9202e-01
 1.0000e+01 -1.0000e+00                       1           1  4.9202e-01
 1.5000e+01 -1.0000e+00                       1           1  4.9202e-01
 3.5000e+01 -1.0000e+00                       1           1  4.9202e-01
 6.0000e+01 -1.0000e+00                       1           1  4.9202e-01
    5  195069.8  195069.8  156.0
 4.0000e+01 -1.0000e+00 -1.0000e+00           1           1  4.9202e-01
 4.0000e+01 -1.0000e+00 -1.0000e+00           1           1  4.9202e-01
 4.0000e+01 -1.0000e+00 -1.0000e+00           1           1  4.9202e-01
 4.0000e+01 -1.0000e+00 -1.0000e+00           1           1  4.9202e-01
 4.0000e+01 -1.0000e+00                       1           1  4.9202e-01
 3.0000e+01 -1.0000e+00 -1.0000e+00           1           1  4.9202e-01
 3.0000e+01 -1.0000e+00 -1.0000e+00           1           1  4.9202e-01
 3.0000e+01 -1.0000e+00 -1.0000e+00           1           1  4.9202e-01
 3.0000e+01 -1.0000e+00 -1.0000e+00           1           1  4.9202e-01
 3.0000e+01 -1.0000e+00                       1           1  4.9202e-01
 1.0000e-03 -1.0000e+00 -1.0000e+00           1           1  4.9202e-01
 1.0000e-03 -1.0000e+00 -1.0000e+00           1           1  4.9202e-01
 1.0000e-03 -1.0000e+00 -1.0000e+00           1           1  4.9202e-01
 1.0000e-03 -1.0000e+00 -1.0000e+00           1           1  4.9202e-01
 1.0000e-03 -1.0000e+00                       1           1  4.9202e-01
 5.0000e-01 -1.0000e+00 -1.0000e+00           1           1  4.9202e-01
 5.0000e-01 -1.0000e+00 -1.0000e+00           1           1  4.9202e-01
 5.0000e-01 -1.0000e+00 -1.0000e+00           1           1  4.9202e-01
 5.0000e-01 -1.0000e+00 -1.0000e+00           1           1  4.9202e-01
 5.0000e-01 -1.0000e+00                       1           1  4.9202e-01
 1.0000e+01 -1.0000e+00 -1.0000e+00           1           1  4.9202e-01
 5.0000e+00 -1.0000e+00 -1.0000e+00           1           1  4.9202e-01
 2.0000e+01 -1.0000e+00 -1.0000e+00           1           1  4.9202e-01
 2.5000e+01 -1.0000e+00                       1           1  4.9202e-01
 1.0000e+01 -1.0000e+00                       1           1  4.9202e-01
 1.5000e+01 -1.0000e+00                       1           1  4.9202e-01
 3.5000e+01 -1.0000e+00                       1           1  4.9202e-01
 6.0000e+01 -1.0000e+00                       1           1  4.9202e-01
    5  195159.5  195159.5  170.0
 4.0000e+01 -1.0000e+00 -1.0000e+00           1           1  4.9202e-01
 4.0000e+01 -1.0000e+00 -1.0000e+00           1           1  4.9202e-01
 4.0000e+01 -1.0000e+00 -1.0000e+00           1           1  4.9202e-01
 4.0000e+01 -1.0000e+00 -1.0000e+00           1           1  4.9202e-01
 4.0000e+01 -1.0000e+00                       1           1  4.9202e-01
 3.0000e+01 -1.0000e+00 -1.0000e+00           1           1  4.9202e-01
 3.0000e+01 -1.0000e+00 -1.0000e+00           1           1  4.9202e-01
 3.0000e+01 -1.0000e+00 -1.0000e+00           1           1  4.9202e-01
 3.0000e+01 -1.0000e+00 -1.0000e+00           1           1  4.9202e-01
 3.0000e+01 -1.0000e+00                       1           1  4.9202e-01
 1.0000e-03 -1.0000e+00 -1.0000e+00           1           1  4.9202e-01
 1.0000e-03 -1.0000e+00 -1.0000e+00           1           1  4.9202e-01
 1.0000e-03 -1.0000e+00 -1.0000e+00           1           1  4.9202e-01
 1.0000e-03 -1.0000e+00 -1.0000e+00           1           1  4.9202e-01
 1.0000e-03 -1.0000e+00                       1           1  4.9202e-01
 5.0000e-01 -1.0000e+00 -1.0000e+00           1           1  4.9202e-01
 5.0000e-01 -1.0000e+00 -1.0000e+00           1           1  4.9202e-01
 5.0000e-01 -1.0000e+00 -1.0000e+00           1           1  4.9202e-01
 5.0000e-01 -1.0000e+00 -1.0000e+00           1           1  4.9202e-01
 5.0000e-01 -1.0000e+00                       1           1  4.9202e-01
 1.0000e+01 -1.0000e+00 -1.0000e+00           1           1  4.9202e-01
 5.0000e+00 -1.0000e+00 -1.0000e+00           1           1  4.9202e-01
 2.0000e+01 -1.0000e+00 -1.0000e+00           1           1  4.9202e-01
 2.5000e+01 -1.0000e+00                       1           1  4.9202e-01
 1.0000e+01 -1.0000e+00                       1           1  4.9202e-01
 1.5000e+01 -1.0000e+00                       1           1  4.9202e-01
 3.5000e+01 -1.0000e+00                       1           1  4.9202e-01
 6.0000e+01 -1.0000e+00                       1           1  4.9202e-01
    5  195197.8  195197.8  166.0
 4.0000e+01 -1.0000e+00 -1.0000e+00           1           1  4.9202e-01
 4.0000e+01 -1.0000e+00 -1.0000e+00           1           1  4.9202e-01
 4.0000e+01 -1.0000e+00 -1.0000e+00           1           1  4.9202e-01
 4.0000e+01 -1.0000e+00 -1.0000e+00           1           1  4.9202e-01
 4.0000e+01 -1.0000e+00                       1           1  4.9202e-01
 3.0000e+01 -1.0000e+00 -1.0000e+00           1           1  4.9202e-01
 3.0000e+01 -1.0000e+00 -1.0000e+00           1           1  4.9202e-01
 3.0000e+01 -1.0000e+00 -1.0000e+00           1           1  4.9202e-01
 3.0000e+01 -1.0000e+00 -1.0000e+00           1           1  4.9202e-01
 3.0000e+01 -1.0000e+00                       1           1  4.9202e-01
 1.0000e-03 -1.0000e+00 -1.0000e+00           1           1  4.9202e-01
 1.0000e-03 -1.0000e+00 -1.0000e+00           1           1  4.9202e-01
 1.0000e-03 -1.0000e+00 -1.0000e+00           1           1  4.9202e-01
 1.0000e-03 -1.0000e+00 -1.0000e+00           1           1  4.9202e-01
 1.0000e-03 -1.0000e+00                       1           1  4.9202e-01
 5.0000e-01 -1.0000e+00 -1.0000e+00           1           1  4.9202e-01
 5.0000e-01 -1.0000e+00 -1.0000e+00           1           1  4.9202e-01
 5.0000e-01 -1.0000e+00 -1.0000e+00           1           1  4.9202e-01
 5.0000e-01 -1.0000e+00 -1.0000e+00           1           1  4.9202e-01
 5.0000e-01 -1.0000e+00                       1           1  4.9202e-01
 1.0000e+01 -1.0000e+00 -1.0000e+00           1           1  4.9202e-01
 5.0000e+00 -1.0000e+00 -1.0000e+00           1           1  4.9202e-01
 2.0000e+01 -1.0000e+00 -1.0000e+00           1           1  4.9202e-01
 2.5000e+01 -1.0000e+00                       1           1  4.9202e-01
 1.0000e+01 -1.0000e+00                       1           1  4.9202e-01
 1.5000e+01 -1.0000e+00                       1           1  4.9202e-01
 3.5000e+01 -1.0000e+00                       1           1  4.9202e-01
 6.0000e+01 -1.0000e+00                       1           1  4.9202e-01
    5  195249.5  195249.5  170.0
 4.0000e+01 -1.0000e+00 -1.0000e+00           1           1  4.9202e-01
 4.0000e+01 -1.0000e+00 -1.0000e+00           1           1  4.9202e-01
 4.0000e+01 -1.0000e+00 -1.0000e+00           1           1  4.9202e-01
 4.0000e+01 -1.0000e+00 -1.0000e+00           1           1  4.9202e-01
 4.0000e+01 -1.0000e+00                       1           1  4.9202e-01
 3.0000e+01 -1.0000e+00 -1.0000e+00           1           1  4.9202e-01
 3.0000e+01 -1.0000e+00 -1.0000e+00           1           1  4.9202e-01
 3.0000e+01 -1.0000e+00 -1.0000e+00           1           1  4.9202e-01
 3.0000e+01 -1.0000e+00 -1.0000e+00           1           1  4.9202e-01
 3.0000e+01 -1.0000e+00                       1           1  4.9202e-01
 1.0000e-03 -1.0000e+00 -1.0000e+00           1           1  4.9202e-01
 1.0000e-03 -1.0000e+00 -1.0000e+00           1           1  4.9202e-01
 1.0000e-03 -1.0000e+00 -1.0000e+00           1           1  4.9202e-01
 1.0000e-03 -1.0000e+00 -1.0000e+00           1           1  4.9202e-01
 1.0000e-03 -1.0000e+00                       1           1  4.9202e-01
 5.0000e-01 -1.0000e+00 -1.0000e+00           1           1  4.9202e-01
 5.0000e-01 -1.0000e+00 -1.0000e+00           1           1  4.9202e-01
 5.0000e-01 -1.0000e+00 -1.0000e+00           1           1  4.9202e-01
 5.0000e-01 -1.0000e+00 -1.0000e+00           1           1  4.9202e-01
 5.0000e-01 -1.0000e+00                       1           1  4.9202e-01
 1.0000e+01 -1.0000e+00 -1.0000e+00           1           1  4.9202e-01
 5.0000e+00 -1.0000e+00 -1.0000e+00           1           1  4.9202e-01
 2.0000e+01 -1.0000e+00 -1.0000e+00           1           1  4.9202e-01
 2.5000e+01 -1.0000e+00                       1           1  4.9202e-01
 1.0000e+01 -1.0000e+00                       1           1  4.9202e-01
 1.5000e+01 -1.0000e+00                       1           1  4.9202e-01
 3.5000e+01 -1.0000e+00                       1           1  4.9202e-01
 6.0000e+01 -1.0000e+00                       1           1  4.9202e-01
    5  195301.5  195301.5  180.0
 4.0000e+01 -1.0000e+00 -1.0000e+00           1           1  4.9202e-01
 4.0000e+01 -1.0000e+00 -1.0000e+00           1           1  4.9202e-01
 4.0000e+01 -1.0000e+00 -1.0000e+00           1           1  4.9202e-01
 4.0000e+01 -1.0000e+00 -1.0000e+00           1           1  4.9202e-01
 4.0000e+01 -1.0000e+00                       1           1  4.9202e-01
 3.0000e+01 -1.0000e+00 -1.0000e+00           1           1  4.9202e-01
 3.0000e+01 -1.0000e+00 -1.0000e+00           1           1  4.9202e-01
 3.0000e+01 -1.0000e+00 -1.0000e+00           1           1  4.9202e-01
 3.0000e+01 -1.0000e+00 -1.0000e+00           1           1  4.9202e-01
 3.0000e+01 -1.0000e+00                       1           1  4.9202e-01
 1.0000e-03 -1.0000e+00 -1.0000e+00           1           1  4.9202e-01
 1.0000e-03 -1.0000e+00 -1.0000e+00           1           1  4.9202e-01
 1.0000e-03 -1.0000e+00 -1.0000e+00           1           1  4.9202e-01
 1.0000e-03 -1.0000e+00 -1.0000e+00           1           1  4.9202e-01
 1.0000e-03 -1.0000e+00                       1           1  4.9202e-01
 5.0000e-01 -1.0000e+00 -1.0000e+00           1           1  4.9202e-01
 5.0000e-01 -1.0000e+00 -1.0000e+00           1           1  4.9202e-01
 5.0000e-01 -1.0000e+00 -1.0000e+00           1           1  4.9202e-01
 5.0000e-01 -1.0000e+00 -1.0000e+00           1           1  4.9202e-01
 5.0000e-01 -1.0000e+00                       1           1  4.9202e-01
 1.0000e+01 -1.0000e+00 -1.0000e+00           1           1  4.9202e-01
 5.0000e+00 -1.0000e+00 -1.0000e+00           1           1  4.9202e-01
 2.0000e+01 -1.0000e+00 -1.0000e+00           1           1  4.9202e-01
 2.5000e+01 -1.0000e+00                       1           1  4.9202e-01
 1.0000e+01 -1.0000e+00                       1           1  4.9202e-01
 1.5000e+01 -1.0000e+00                       1           1  4.9202e-01
 3.5000e+01 -1.0000e+00                       1           1  4.9202e-01
 6.0000e+01 -1.0000e+00                       1           1  4.9202e-01
    5  195359.5  195359.5  173.0
 4.0000e+01 -1.0000e+00 -1.0000e+00           1           1  4.9202e-01
 4.0000e+01 -1.0000e+00 -1.0000e+00           1           1  4.9202e-01
 4.0000e+01 -1.0000e+00 -1.0000e+00           1           1  4.9202e-01
 4.0000e+01 -1.0000e+00 -1.0000e+00           1           1  4.9202e-01
 4.0000e+01 -1.0000e+00                       1           1  4.9202e-01
 3.0000e+01 -1.0000e+00 -1.0000e+00           1           1  4.9202e-01
 3.0000e+01 -1.0000e+00 -1.0000e+00           1           1  4.9202e-01
 3.0000e+01 -1.0000e+00 -1.0000e+00           1           1  4.9202e-01
 3.0000e+01 -1.0000e+00 -1.0000e+00           1           1  4.9202e-01
 3.0000e+01 -1.0000e+00                       1           1  4.9202e-01
 1.0000e-03 -1.0000e+00 -1.0000e+00           1           1  4.9202e-01
 1.0000e-03 -1.0000e+00 -1.0000e+00           1           1  4.9202e-01
 1.0000e-03 -1.0000e+00 -1.0000e+00           1           1  4.9202e-01
 1.0000e-03 -1.0000e+00 -1.0000e+00           1           1  4.9202e-01
 1.0000e-03 -1.0000e+00                       1           1  4.9202e-01
 5.0000e-01 -1.0000e+00 -1.0000e+00           1           1  4.9202e-01
 5.0000e-01 -1.0000e+00 -1.0000e+00           1           1  4.9202e-01
 5.0000e-01 -1.0000e+00 -1.0000e+00           1           1  4.9202e-01
 5.0000e-01 -1.0000e+00 -1.0000e+00           1           1  4.9202e-01
 5.0000e-01 -1.0000e+00                       1           1  4.9202e-01
 1.0000e+01 -1.0000e+00 -1.0000e+00           1           1  4.9202e-01
 5.0000e+00 -1.0000e+00 -1.0000e+00           1           1  4.9202e-01
 2.0000e+01 -1.0000e+00 -1.0000e+00           1           1  4.9202e-01
 2.5000e+01 -1.0000e+00                       1           1  4.9202e-01
 1.0000e+01 -1.0000e+00                       1           1  4.9202e-01
 1.5000e+01 -1.0000e+00                       1           1  4.9202e-01
 3.5000e+01 -1.0000e+00                       1           1  4.9202e-01
 6.0000e+01 -1.0000e+00                       1           1  4.9202e-01
    5  195396.2  195396.2  168.0
 4.0000e+01 -1.0000e+00 -1.0000e+00           1           1  4.9202e-01
 4.0000e+01 -1.0000e+00 -1.0000e+00           1           1  4.9202e-01
 4.0000e+01 -1.0000e+00 -1.0000e+00           1           1  4.9202e-01
 4.0000e+01 -1.0000e+00 -1.0000e+00           1           1  4.9202e-01
 4.0000e+01 -1.0000e+00                       1           1  4.9202e-01
 3.0000e+01 -1.0000e+00 -1.0000e+00           1           1  4.9202e-01
 3.0000e+01 -1.0000e+00 -1.0000e+00           1           1  4.9202e-01
 3.0000e+01 -1.0000e+00 -1.0000e+00           1           1  4.9202e-01
 3.0000e+01 -1.0000e+00 -1.0000e+00           1           1  4.9202e-01
 3.0000e+01 -1.0000e+00                       1           1  4.9202e-01
 1.0000e-03 -1.0000e+00 -1.0000e+00           1           1  4.9202e-01
 1.0000e-03 -1.0000e+00 -1.0000e+00           1           1  4.9202e-01
 1.0000e-03 -1.0000e+00 -1.0000e+00           1           1  4.9202e-01
 1.0000e-03 -1.0000e+00 -1.0000e+00           1           1  4.9202e-01
 1.0000e-03 -1.0000e+00                       1           1  4.9202e-01
 5.0000e-01 -1.0000e+00 -1.0000e+00           1           1  4.9202e-01
 5.0000e-01 -1.0000e+00 -1.0000e+00           1           1  4.9202e-01
 5.0000e-01 -1.0000e+00 -1.0000e+00           1           1  4.9202e-01
 5.0000e-01 -1.0000e+00 -1.0000e+00           1           1  4.9202e-01
 5.0000e-01 -1.0000e+00                       1           1  4.9202e-01
 1.0000e+01 -1.0000e+00 -1.0000e+00           1           1  4.9202e-01
 5.0000e+00 -1.0000e+00 -1.0000e+00           1           1  4.9202e-01
 2.0000e+01 -1.0000e+00 -1.0000e+00           1           1  4.9202e-01
 2.5000e+01 -1.0000e+00                       1           1  4.9202e-01
 1.0000e+01 -1.0000e+00                       1           1  4.9202e-01
 1.5000e+01 -1.0000e+00                       1           1  4.9202e-01
 3.5000e+01 -1.0000e+00                       1           1  4.9202e-01
 6.0000e+01 -1.0000e+00                       1           1  4.9202e-01
    5  195423.2  195423.2  169.0
 4.0000e+01 -1.0000e+00 -1.0000e+00           1           1  4.9202e-01
 4.0000e+01 -1.0000e+00 -1.0000e+00           1           1  4.9202e-01
 4.0000e+01 -1.0000e+00 -1.0000e+00           1           1  4.9202e-01
 4.0000e+01 -1.0000e+00 -1.0000e+00           1           1  4.9202e-01
 4.0000e+01 -1.0000e+00                       1           1  4.9202e-01
 3.0000e+01 -1.0000e+00 -1.0000e+00           1           1  4.9202e-01
 3.0000e+01 -1.0000e+00 -1.0000e+00           1           1  4.9202e-01
 3.0000e+01 -1.0000e+00 -1.0000e+00           1           1  4.9202e-01
 3.0000e+01 -1.0000e+00 -1.0000e+00           1           1  4.9202e-01
 3.0000e+01 -1.0000e+00                       1           1  4.9202e-01
 1.0000e-03 -1.0000e+00 -1.0000e+00           1           1  4.9202e-01
 1.0000e-03 -1.0000e+00 -1.0000e+00           1           1  4.9202e-01
 1.0000e-03 -1.0000e+00 -1.0000e+00           1           1  4.9202e-01
 1.0000e-03 -1.0000e+00 -1.0000e+00           1           1  4.9202e-01
 1.0000e-03 -1.0000e+00                       1           1  4.9202e-01
 5.0000e-01 -1.0000e+00 -1.0000e+00           1           1  4.9202e-01
 5.0000e-01 -1.0000e+00 -1.0000e+00           1           1  4.9202e-01
 5.0000e-01 -1.0000e+00 -1.0000e+00           1           1  4.9202e-01
 5.0000e-01 -1.0000e+00 -1.0000e+00           1           1  4.9202e-01
 5.0000e-01 -1.0000e+00                       1           1  4.9202e-01
 1.0000e+01 -1.0000e+00 -1.0000e+00           1           1  4.9202e-01
 5.0000e+00 -1.0000e+00 -1.0000e+00           1           1  4.9202e-01
 2.0000e+01 -1.0000e+00 -1.0000e+00           1           1  4.9202e-01
 2.5000e+01 -1.0000e+00                       1           1  4.9202e-01
 1.0000e+01 -1.0000e+00                       1           1  4.9202e-01
 1.5000e+01 -1.0000e+00                       1           1  4.9202e-01
 3.5000e+01 -1.0000e+00                       1           1  4.9202e-01
 6.0000e+01 -1.0000e+00                       1           1  4.9202e-01
    5  195489.1  195489.1  160.0
 4.0000e+01 -1.0000e+00 -1.0000e+00           1           1  4.9202e-01
 4.0000e+01 -1.0000e+00 -1.0000e+00           1           1  4.9202e-01
 4.0000e+01 -1.0000e+00 -1.0000e+00           1           1  4.9202e-01
 4.0000e+01 -1.0000e+00 -1.0000e+00           1           1  4.9202e-01
 4.0000e+01 -1.0000e+00                       1           1  4.9202e-01
 3.0000e+01 -1.0000e+00 -1.0000e+00           1           1  4.9202e-01
 3.0000e+01 -1.0000e+00 -1.0000e+00           1           1  4.9202e-01
 3.0000e+01 -1.0000e+00 -1.0000e+00           1           1  4.9202e-01
 3.0000e+01 -1.0000e+00 -1.0000e+00           1           1  4.9202e-01
 3.0000e+01 -1.0000e+00                       1           1  4.9202e-01
 1.0000e-03 -1.0000e+00 -1.0000e+00           1           1  4.9202e-01
 1.0000e-03 -1.0000e+00 -1.0000e+00           1           1  4.9202e-01
 1.0000e-03 -1.0000e+00 -1.0000e+00           1           1  4.9202e-01
 1.0000e-03 -1.0000e+00 -1.0000e+00           1           1  4.9202e-01
 1.0000e-03 -1.0000e+00                       1           1  4.9202e-01
 5.0000e-01 -1.0000e+00 -1.0000e+00           1           1  4.9202e-01
 5.0000e-01 -1.0000e+00 -1.0000e+00           1           1  4.9202e-01
 5.0000e-01 -1.0000e+00 -1.0000e+00           1           1  4.9202e-01
 5.0000e-01 -1.0000e+00 -1.0000e+00           1           1  4.9202e-01
 5.0000e-01 -1.0000e+00                       1           1  4.9202e-01
 1.0000e+01 -1.0000e+00 -1.0000e+00           1           1  4.9202e-01
 5.0000e+00 -1.0000e+00 -1.0000e+00           1           1  4.9202e-01
 2.0000e+01 -1.0000e+00 -1.0000e+00           1           1  4.9202e-01
 2.5000e+01 -1.0000e+00                       1           1  4.9202e-01
 1.0000e+01 -1.0000e+00                       1           1  4.9202e-01
 1.5000e+01 -1.0000e+00                       1           1  4.9202e-01
 3.5000e+01 -1.0000e+00                       1           1  4.9202e-01
 6.0000e+01 -1.0000e+00                       1           1  4.9202e-01
    5  195547.6  195547.6  154.0
 4.0000e+01 -1.0000e+00 -1.0000e+00           1           1  4.9202e-01
 4.0000e+01 -1.0000e+00 -1.0000e+00           1           1  4.9202e-01
 4.0000e+01 -1.0000e+00 -1.0000e+00           1           1  4.9202e-01
 4.0000e+01 -1.0000e+00 -1.0000e+00           1           1  4.9202e-01
 4.0000e+01 -1.0000e+00                       1           1  4.9202e-01
 3.0000e+01 -1.0000e+00 -1.0000e+00           1           1  4.9202e-01
 3.0000e+01 -1.0000e+00 -1.0000e+00           1           1  4.9202e-01
 3.0000e+01 -1.0000e+00 -1.0000e+00           1           1  4.9202e-01
 3.0000e+01 -1.0000e+00 -1.0000e+00           1           1  4.9202e-01
 3.0000e+01 -1.0000e+00                       1           1  4.9202e-01
 1.0000e-03 -1.0000e+00 -1.0000e+00           1           1  4.9202e-01
 1.0000e-03 -1.0000e+00 -1.0000e+00           1           1  4.9202e-01
 1.0000e-03 -1.0000e+00 -1.0000e+00           1           1  4.9202e-01
 1.0000e-03 -1.0000e+00 -1.0000e+00           1           1  4.9202e-01
 1.0000e-03 -1.0000e+00                       1           1  4.9202e-01
 5.0000e-01 -1.0000e+00 -1.0000e+00           1           1  4.9202e-01
 5.0000e-01 -1.0000e+00 -1.0000e+00           1           1  4.9202e-01
 5.0000e-01 -1.0000e+00 -1.0000e+00           1           1  4.9202e-01
 5.0000e-01 -1.0000e+00 -1.0000e+00           1           1  4.9202e-01
 5.0000e-01 -1.0000e+00                       1           1  4.9202e-01
 1.0000e+01 -1.0000e+00 -1.0000e+00           1           1  4.9202e-01
 5.0000e+00 -1.0000e+00 -1.0000e+00           1           1  4.9202e-01
 2.0000e+01 -1.0000e+00 -1.0000e+00           1           1  4.9202e-01
 2.5000e+01 -1.0000e+00                       1           1  4.9202e-01
 1.0000e+01 -1.0000e+00                       1           1  4.9202e-01
 1.5000e+01 -1.0000e+00                       1           1  4.9202e-01
 3.5000e+01 -1.0000e+00                       1           1  4.9202e-01
 6.0000e+01 -1.0000e+00                       1           1  4.9202e-01
    5  195590.0  195590.0  156.0
 4.0000e+01 -1.0000e+00 -1.0000e+00           1           1  4.9202e-01
 4.0000e+01 -1.0000e+00 -1.0000e+00           1           1  4.9202e-01
 4.0000e+01 -1.0000e+00 -1.0000e+00           1           1  4.9202e-01
 4.0000e+01 -1.0000e+00 -1.0000e+00           1           1  4.9202e-01
 4.0000e+01 -1.0000e+00                       1           1  4.9202e-01
 3.0000e+01 -1.0000e+00 -1.0000e+00           1           1  4.9202e-01
 3.0000e+01 -1.0000e+00 -1.0000e+00           1           1  4.9202e-01
 3.0000e+01 -1.0000e+00 -1.0000e+00           1           1  4.9202e-01
 3.0000e+01 -1.0000e+00 -1.0000e+00           1           1  4.9202e-01
 3.0000e+01 -1.0000e+00                       1           1  4.9202e-01
 1.0000e-03 -1.0000e+00 -1.0000e+00           1           1  4.9202e-01
 1.0000e-03 -1.0000e+00 -1.0000e+00           1           1  4.9202e-01
 1.0000e-03 -1.0000e+00 -1.0000e+00           1           1  4.9202e-01
 1.0000e-03 -1.0000e+00 -1.0000e+00           1           1  4.9202e-01
 1.0000e-03 -1.0000e+00                       1           1  4.9202e-01
 5.0000e-01 -1.0000e+00 -1.0000e+00           1           1  4.9202e-01
 5.0000e-01 -1.0000e+00 -1.0000e+00           1           1  4.9202e-01
 5.0000e-01 -1.0000e+00 -1.0000e+00           1           1  4.9202e-01
 5.0000e-01 -1.0000e+00 -1.0000e+00           1           1  4.9202e-01
 5.0000e-01 -1.0000e+00                       1           1  4.9202e-01
 1.0000e+01 -1.0000e+00 -1.0000e+00           1           1  4.9202e-01
 5.0000e+00 -1.0000e+00 -1.0000e+00           1           1  4.9202e-01
 2.0000e+01 -1.0000e+00 -1.0000e+00           1           1  4.9202e-01
 2.5000e+01 -1.0000e+00                       1           1  4.9202e-01
 1.0000e+01 -1.0000e+00                       1           1  4.9202e-01
 1.5000e+01 -1.0000e+00                       1           1  4.9202e-01
 3.5000e+01 -1.0000e+00                       1           1  4.9202e-01
 6.0000e+01 -1.0000e+00                       1           1  4.9202e-01
    5  195630.9  195630.9  156.0
 4.0000e+01 -1.0000e+00 -1.0000e+00           1           1  4.9202e-01
 4.0000e+01 -1.0000e+00 -1.0000e+00           1           1  4.9202e-01
 4.0000e+01 -1.0000e+00 -1.0000e+00           1           1  4.9202e-01
 4.0000e+01 -1.0000e+00 -1.0000e+00           1           1  4.9202e-01
 4.0000e+01 -1.0000e+00                       1           1  4.9202e-01
 3.0000e+01 -1.0000e+00 -1.0000e+00           1           1  4.9202e-01
 3.0000e+01 -1.0000e+00 -1.0000e+00           1           1  4.9202e-01
 3.0000e+01 -1.0000e+00 -1.0000e+00           1           1  4.9202e-01
 3.0000e+01 -1.0000e+00 -1.0000e+00           1           1  4.9202e-01
 3.0000e+01 -1.0000e+00                       1           1  4.9202e-01
 1.0000e-03 -1.0000e+00 -1.0000e+00           1           1  4.9202e-01
 1.0000e-03 -1.0000e+00 -1.0000e+00           1           1  4.9202e-01
 1.0000e-03 -1.0000e+00 -1.0000e+00           1           1  4.9202e-01
 1.0000e-03 -1.0000e+00 -1.0000e+00           1           1  4.9202e-01
 1.0000e-03 -1.0000e+00                       1           1  4.9202e-01
 5.0000e-01 -1.0000e+00 -1.0000e+00           1           1  4.9202e-01
 5.0000e-01 -1.0000e+00 -1.0000e+00           1           1  4.9202e-01
 5.0000e-01 -1.0000e+00 -1.0000e+00           1           1  4.9202e-01
 5.0000e-01 -1.0000e+00 -1.0000e+00           1           1  4.9202e-01
 5.0000e-01 -1.0000e+00                       1           1  4.9202e-01
 1.0000e+01 -1.0000e+00 -1.0000e+00           1           1  4.9202e-01
 5.0000e+00 -1.0000e+00 -1.0000e+00           1           1  4.9202e-01
 2.0000e+01 -1.0000e+00 -1.0000e+00           1           1  4.9202e-01
 2.5000e+01 -1.0000e+00                       1           1  4.9202e-01
 1.0000e+01 -1.0000e+00                       1           1  4.9202e-01
 1.5000e+01 -1.0000e+00                       1           1  4.9202e-01
 3.5000e+01 -1.0000e+00                       1           1  4.9202e-01
 6.0000e+01 -1.0000e+00                       1           1  4.9202e-01
    5  195676.2  195676.2  156.0
 4.0000e+01 -1.0000e+00 -1.0000e+00           1           1  4.9202e-01
 4.0000e+01 -1.0000e+00 -1.0000e+00           1           1  4.9202e-01
 4.0000e+01 -1.0000e+00 -1.0000e+00           1           1  4.9202e-01
 4.0000e+01 -1.0000e+00 -1.0000e+00           1           1  4.9202e-01
 4.0000e+01 -1.0000e+00                       1           1  4.9202e-01
 3.0000e+01 -1.0000e+00 -1.0000e+00           1           1  4.9202e-01
 3.0000e+01 -1.0000e+00 -1.0000e+00           1           1  4.9202e-01
 3.0000e+01 -1.0000e+00 -1.0000e+00           1           1  4.9202e-01
 3.0000e+01 -1.0000e+00 -1.0000e+00           1           1  4.9202e-01
 3.0000e+01 -1.0000e+00                       1           1  4.9202e-01
 1.0000e-03 -1.0000e+00 -1.0000e+00           1           1  4.9202e-01
 1.0000e-03 -1.0000e+00 -1.0000e+00           1           1  4.9202e-01
 1.0000e-03 -1.0000e+00 -1.0000e+00           1           1  4.9202e-01
 1.0000e-03 -1.0000e+00 -1.0000e+00           1           1  4.9202e-01
 1.0000e-03 -1.0000e+00                       1           1  4.9202e-01
 5.0000e-01 -1.0000e+00 -1.0000e+00           1           1  4.9202e-01
 5.0000e-01 -1.0000e+00 -1.0000e+00           1           1  4.9202e-01
 5.0000e-01 -1.0000e+00 -1.0000e+00           1           1  4.9202e-01
 5.0000e-01 -1.0000e+00 -1.0000e+00           1           1  4.9202e-01
 5.0000e-01 -1.0000e+00                       1           1  4.9202e-01
 1.0000e+01 -1.0000e+00 -1.0000e+00           1           1  4.9202e-01
 5.0000e+00 -1.0000e+00 -1.0000e+00           1           1  4.9202e-01
 2.0000e+01 -1.0000e+00 -1.0000e+00           1           1  4.9202e-01
 2.5000e+01 -1.0000e+00                       1           1  4.9202e-01
 1.0000e+01 -1.0000e+00                       1           1  4.9202e-01
 1.5000e+01 -1.0000e+00                       1           1  4.9202e-01
 3.5000e+01 -1.0000e+00                       1           1  4.9202e-01
 6.0000e+01 -1.0000e+00                       1           1  4.9202e-01
    5  195721.7  195721.7  165.0
 4.0000e+01 -1.0000e+00 -1.0000e+00           1           1  4.9202e-01
 4.0000e+01 -1.0000e+00 -1.0000e+00           1           1  4.9202e-01
 4.0000e+01 -1.0000e+00 -1.0000e+00           1           1  4.9202e-01
 4.0000e+01 -1.0000e+00 -1.0000e+00           1           1  4.9202e-01
 4.0000e+01 -1.0000e+00                       1           1  4.9202e-01
 3.0000e+01 -1.0000e+00 -1.0000e+00           1           1  4.9202e-01
 3.0000e+01 -1.0000e+00 -1.0000e+00           1           1  4.9202e-01
 3.0000e+01 -1.0000e+00 -1.0000e+00           1           1  4.9202e-01
 3.0000e+01 -1.0000e+00 -1.0000e+00           1           1  4.9202e-01
 3.0000e+01 -1.0000e+00                       1           1  4.9202e-01
 1.0000e-03 -1.0000e+00 -1.0000e+00           1           1  4.9202e-01
 1.0000e-03 -1.0000e+00 -1.0000e+00           1           1  4.9202e-01
 1.0000e-03 -1.0000e+00 -1.0000e+00           1           1  4.9202e-01
 1.0000e-03 -1.0000e+00 -1.0000e+00           1           1  4.9202e-01
 1.0000e-03 -1.0000e+00                       1           1  4.9202e-01
 5.0000e-01 -1.0000e+00 -1.0000e+00           1           1  4.9202e-01
 5.0000e-01 -1.0000e+00 -1.0000e+00           1           1  4.9202e-01
 5.0000e-01 -1.0000e+00 -1.0000e+00           1           1  4.9202e-01
 5.0000e-01 -1.0000e+00 -1.0000e+00           1           1  4.9202e-01
 5.0000e-01 -1.0000e+00                       1           1  4.9202e-01
 1.0000e+01 -1.0000e+00 -1.0000e+00           1           1  4.9202e-01
 5.0000e+00 -1.0000e+00 -1.0000e+00           1           1  4.9202e-01
 2.0000e+01 -1.0000e+00 -1.0000e+00           1           1  4.9202e-01
 2.5000e+01 -1.0000e+00                       1           1  4.9202e-01
 1.0000e+01 -1.0000e+00                       1           1  4.9202e-01
 1.5000e+01 -1.0000e+00                       1           1  4.9202e-01
 3.5000e+01 -1.0000e+00                       1           1  4.9202e-01
 6.0000e+01 -1.0000e+00                       1           1  4.9202e-01
    5  195752.5  195752.5  161.0
 4.0000e+01 -1.0000e+00 -1.0000e+00           1           1  4.9202e-01
 4.0000e+01 -1.0000e+00 -1.0000e+00           1           1  4.9202e-01
 4.0000e+01 -1.0000e+00 -1.0000e+00           1           1  4.9202e-01
 4.0000e+01 -1.0000e+00 -1.0000e+00           1           1  4.9202e-01
 4.0000e+01 -1.0000e+00                       1           1  4.9202e-01
 3.0000e+01 -1.0000e+00 -1.0000e+00           1           1  4.9202e-01
 3.0000e+01 -1.0000e+00 -1.0000e+00           1           1  4.9202e-01
 3.0000e+01 -1.0000e+00 -1.0000e+00           1           1  4.9202e-01
 3.0000e+01 -1.0000e+00 -1.0000e+00           1           1  4.9202e-01
 3.0000e+01 -1.0000e+00                       1           1  4.9202e-01
 1.0000e-03 -1.0000e+00 -1.0000e+00           1           1  4.9202e-01
 1.0000e-03 -1.0000e+00 -1.0000e+00           1           1  4.9202e-01
 1.0000e-03 -1.0000e+00 -1.0000e+00           1           1  4.9202e-01
 1.0000e-03 -1.0000e+00 -1.0000e+00           1           1  4.9202e-01
 1.0000e-03 -1.0000e+00                       1           1  4.9202e-01
 5.0000e-01 -1.0000e+00 -1.0000e+00           1           1  4.9202e-01
 5.0000e-01 -1.0000e+00 -1.0000e+00           1           1  4.9202e-01
 5.0000e-01 -1.0000e+00 -1.0000e+00           1           1  4.9202e-01
 5.0000e-01 -1.0000e+00 -1.0000e+00           1           1  4.9202e-01
 5.0000e-01 -1.0000e+00                       1           1  4.9202e-01
 1.0000e+01 -1.0000e+00 -1.0000e+00           1           1  4.9202e-01
 5.0000e+00 -1.0000e+00 -1.0000e+00           1           1  4.9202e-01
 2.0000e+01 -1.0000e+00 -1.0000e+00           1           1  4.9202e-01
 2.5000e+01 -1.0000e+00                       1           1  4.9202e-01
 1.0000e+01 -1.0000e+00                       1           1  4.9202e-01
 1.5000e+01 -1.0000e+00                       1           1  4.9202e-01
 3.5000e+01 -1.0000e+00                       1           1  4.9202e-01
 6.0000e+01 -1.0000e+00                       1           1  4.9202e-01
    5  195820.2  195820.2  161.0
 4.0000e+01 -1.0000e+00 -1.0000e+00           1           1  4.9202e-01
 4.0000e+01 -1.0000e+00 -1.0000e+00           1           1  4.9202e-01
 4.0000e+01 -1.0000e+00 -1.0000e+00           1           1  4.9202e-01
 4.0000e+01 -1.0000e+00 -1.0000e+00           1           1  4.9202e-01
 4.0000e+01 -1.0000e+00                       1           1  4.9202e-01
 3.0000e+01 -1.0000e+00 -1.0000e+00           1           1  4.9202e-01
 3.0000e+01 -1.0000e+00 -1.0000e+00           1           1  4.9202e-01
 3.0000e+01 -1.0000e+00 -1.0000e+00           1           1  4.9202e-01
 3.0000e+01 -1.0000e+00 -1.0000e+00           1           1  4.9202e-01
 3.0000e+01 -1.0000e+00                       1           1  4.9202e-01
 1.0000e-03 -1.0000e+00 -1.0000e+00           1           1  4.9202e-01
 1.0000e-03 -1.0000e+00 -1.0000e+00           1           1  4.9202e-01
 1.0000e-03 -1.0000e+00 -1.0000e+00           1           1  4.9202e-01
 1.0000e-03 -1.0000e+00 -1.0000e+00           1           1  4.9202e-01
 1.0000e-03 -1.0000e+00                       1           1  4.9202e-01
 5.0000e-01 -1.0000e+00 -1.0000e+00           1           1  4.9202e-01
 5.0000e-01 -1.0000e+00 -1.0000e+00           1           1  4.9202e-01
 5.0000e-01 -1.0000e+00 -1.0000e+00           1           1  4.9202e-01
 5.0000e-01 -1.0000e+00 -1.0000e+00           1           1  4.9202e-01
 5.0000e-01 -1.0000e+00                       1           1  4.9202e-01
 1.0000e+01 -1.0000e+00 -1.0000e+00           1           1  4.9202e-01
 5.0000e+00 -1.0000e+00 -1.0000e+00           1           1  4.9202e-01
 2.0000e+01 -1.0000e+00 -1.0000e+00           1           1  4.9202e-01
 2.5000e+01 -1.0000e+00                       1           1  4.9202e-01
 1.0000e+01 -1.0000e+00                       1           1  4.9202e-01
 1.5000e+01 -1.0000e+00                       1           1  4.9202e-01
 3.5000e+01 -1.0000e+00                       1           1  4.9202e-01
 6.0000e+01 -1.0000e+00                       1           1  4.9202e-01
    5  195861.2  195861.2  160.0
 4.0000e+01 -1.0000e+00 -1.0000e+00           1           1  4.9202e-01
 4.0000e+01 -1.0000e+00 -1.0000e+00           1           1  4.9202e-01
 4.0000e+01 -1.0000e+00 -1.0000e+00           1           1  4.9202e-01
 4.0000e+01 -1.0000e+00 -1.0000e+00           1           1  4.9202e-01
 4.0000e+01 -1.0000e+00                       1           1  4.9202e-01
 3.0000e+01 -1.0000e+00 -1.0000e+00           1           1  4.9202e-01
 3.0000e+01 -1.0000e+00 -1.0000e+00           1           1  4.9202e-01
 3.0000e+01 -1.0000e+00 -1.0000e+00           1           1  4.9202e-01
 3.0000e+01 -1.0000e+00 -1.0000e+00           1           1  4.9202e-01
 3.0000e+01 -1.0000e+00                       1           1  4.9202e-01
 1.0000e-03 -1.0000e+00 -1.0000e+00           1           1  4.9202e-01
 1.0000e-03 -1.0000e+00 -1.0000e+00           1           1  4.9202e-01
 1.0000e-03 -1.0000e+00 -1.0000e+00           1           1  4.9202e-01
 1.0000e-03 -1.0000e+00 -1.0000e+00           1           1  4.9202e-01
 1.0000e-03 -1.0000e+00                       1           1  4.9202e-01
 5.0000e-01 -1.0000e+00 -1.0000e+00           1           1  4.9202e-01
 5.0000e-01 -1.0000e+00 -1.0000e+00           1           1  4.9202e-01
 5.0000e-01 -1.0000e+00 -1.0000e+00           1           1  4.9202e-01
 5.0000e-01 -1.0000e+00 -1.0000e+00           1           1  4.9202e-01
 5.0000e-01 -1.0000e+00                       1           1  4.9202e-01
 1.0000e+01 -1.0000e+00 -1.0000e+00           1           1  4.9202e-01
 5.0000e+00 -1.0000e+00 -1.0000e+00           1           1  4.9202e-01
 2.0000e+01 -1.0000e+00 -1.0000e+00           1           1  4.9202e-01
 2.5000e+01 -1.0000e+00                       1           1  4.9202e-01
 1.0000e+01 -1.0000e+00                       1           1  4.9202e-01
 1.5000e+01 -1.0000e+00                       1           1  4.9202e-01
 3.5000e+01 -1.0000e+00                       1           1  4.9202e-01
 6.0000e+01 -1.0000e+00                       1           1  4.9202e-01
    5  195108.4  195108.4  157.0
 4.0000e+01 -1.0000e+00 -1.0000e+00           1           1  4.9202e-01
 4.0000e+01 -1.0000e+00 -1.0000e+00           1           1  4.9202e-01
 4.0000e+01 -1.0000e+00 -1.0000e+00           1           1  4.9202e-01
 4.0000e+01 -1.0000e+00 -1.0000e+00           1           1  4.9202e-01
 4.0000e+01 -1.0000e+00                       1           1  4.9202e-01
 3.0000e+01 -1.0000e+00 -1.0000e+00           1           1  4.9202e-01
 3.0000e+01 -1.0000e+00 -1.0000e+00           1           1  4.9202e-01
 3.0000e+01 -1.0000e+00 -1.0000e+00           1           1  4.9202e-01
 3.0000e+01 -1.0000e+00 -1.0000e+00           1           1  4.9202e-01
 3.0000e+01 -1.0000e+00                       1           1  4.9202e-01
 1.0000e-03 -1.0000e+00 -1.0000e+00           1           1  4.9202e-01
 1.0000e-03 -1.0000e+00 -1.0000e+00           1           1  4.9202e-01
 1.0000e-03 -1.0000e+00 -1.0000e+00           1           1  4.9202e-01
 1.0000e-03 -1.0000e+00 -1.0000e+00           1           1  4.9202e-01
 1.0000e-03 -1.0000e+00                       1           1  4.9202e-01
 5.0000e-01 -1.0000e+00 -1.0000e+00           1           1  4.9202e-01
 5.0000e-01 -1.0000e+00 -1.0000e+00           1           1  4.9202e-01
 5.0000e-01 -1.0000e+00 -1.0000e+00           1           1  4.9202e-01
 5.0000e-01 -1.0000e+00 -1.0000e+00           1           1  4.9202e-01
 5.0000e-01 -1.0000e+00                       1           1  4.9202e-01
 1.0000e+01 -1.0000e+00 -1.0000e+00           1           1  4.9202e-01
 5.0000e+00 -1.0000e+00 -1.0000e+00           1           1  4.9202e-01
 2.0000e+01 -1.0000e+00 -1.0000e+00           1           1  4.9202e-01
 2.5000e+01 -1.0000e+00                       1           1  4.9202e-01
 1.0000e+01 -1.0000e+00                       1           1  4.9202e-01
 1.5000e+01 -1.0000e+00                       1           1  4.9202e-01
 3.5000e+01 -1.0000e+00                       1           1  4.9202e-01
 6.0000e+01 -1.0000e+00                       1           1  4.9202e-01
